(69, 91, 88, 71, 90, 119, 96), Time:163.49119305610657, budget:20
(84, 104, 105, 59, 77, 68, 100), Time:346.3752529621124, budget:20
(82, 74, 70, 92, 97, 113, 69), Time:519.4323332309723, budget:20
(71, 102, 109, 95, 119, 70, 86), Time:176.89937686920166, budget:20
(73, 99, 122, 88, 70, 114, 53), Time:359.92323112487793, budget:20
(81, 111, 70, 92, 95, 97, 69), Time:536.8033559322357, budget:20
(94, 69, 74, 92, 98, 96, 82), Time:198.30403804779053, budget:20
(81, 87, 109, 116, 25, 68, 88), Time:441.99099612236023, budget:20
(76, 72, 70, 94, 84, 93, 90), Time:693.3980910778046, budget:20
(96, 93, 70, 111, 95, 106, 62), Time:171.88316798210144, budget:20
(70, 88, 98, 83, 71, 110, 70), Time:353.99078392982483, budget:20
(97, 76, 116, 87, 70, 64, 93), Time:516.3553779125214, budget:20
